# Data on the measured reflection coefficient for the case that the loudspeaker is attached to the measurement section (Small Pipe) 
# DataFile 2014-09_RigidPlate\LongRange1Pa_NoProtGrid\ 
# f, abs(R), deg(R), Sr, Stheta
f 	 mag 	 phase 	 Sr 	 Stheta 
1.000000e+02 	 9.983378e-01 	 4.981335e-02 	 4.012574e-03 	 9.866375e-02
1.100000e+02 	 9.992477e-01 	 4.975545e-02 	 2.609449e-03 	 5.696980e-02
1.200000e+02 	 9.990108e-01 	 -2.696072e-02 	 7.455629e-04 	 8.399601e-02
1.300000e+02 	 9.990371e-01 	 4.970749e-03 	 7.350448e-05 	 5.185764e-02
1.400000e+02 	 9.990548e-01 	 -2.472142e-02 	 1.106455e-04 	 3.269153e-02
1.500000e+02 	 9.990961e-01 	 -1.510222e-03 	 1.241015e-04 	 3.091766e-02
1.600000e+02 	 9.990103e-01 	 -4.289456e-02 	 2.024823e-04 	 3.071268e-02
1.700000e+02 	 9.990224e-01 	 -3.242660e-02 	 2.094784e-04 	 3.145234e-02
1.800000e+02 	 9.989800e-01 	 -7.888540e-02 	 3.753380e-04 	 3.373551e-02
1.900000e+02 	 9.990523e-01 	 -2.019414e-02 	 7.085418e-04 	 3.838588e-02
2.000000e+02 	 9.990082e-01 	 -3.152405e-02 	 1.129262e-03 	 4.618339e-02
2.100000e+02 	 9.988409e-01 	 -7.941974e-03 	 1.720333e-03 	 4.264094e-02
2.200000e+02 	 9.988907e-01 	 7.502712e-03 	 1.497058e-03 	 1.072224e-01
2.300000e+02 	 9.990481e-01 	 -1.171683e-02 	 7.762609e-04 	 1.613201e-01
2.400000e+02 	 9.988329e-01 	 2.207642e-03 	 3.292457e-03 	 5.096240e-02
2.500000e+02 	 9.986119e-01 	 -5.417332e-02 	 1.224724e-03 	 2.098229e-01
2.600000e+02 	 9.985674e-01 	 -1.817755e-02 	 9.097313e-04 	 2.371946e-01
2.700000e+02 	 9.989839e-01 	 -2.637214e-03 	 1.033356e-03 	 2.531476e-01
2.800000e+02 	 9.989115e-01 	 -3.907562e-02 	 5.533031e-04 	 2.702395e-01
2.900000e+02 	 9.987281e-01 	 -6.067061e-02 	 2.285127e-04 	 2.785097e-01
3.000000e+02 	 9.986144e-01 	 -1.917154e-02 	 3.891965e-04 	 2.792145e-01
3.100000e+02 	 9.983086e-01 	 -1.519683e-01 	 7.682128e-04 	 2.726654e-01
3.200000e+02 	 9.981632e-01 	 -1.096784e-01 	 1.458521e-03 	 2.539730e-01
3.300000e+02 	 9.978956e-01 	 -1.225617e-01 	 1.632720e-03 	 2.364338e-01
3.400000e+02 	 9.966452e-01 	 -1.292699e-01 	 2.405744e-03 	 1.933385e-01
3.500000e+02 	 9.970601e-01 	 -2.567502e-01 	 3.339207e-03 	 1.039307e-01
3.600000e+02 	 9.969385e-01 	 -1.639736e-01 	 3.046751e-03 	 9.095002e-02
3.700000e+02 	 9.964080e-01 	 -2.969329e-01 	 9.255943e-04 	 1.671718e-01
3.800000e+02 	 9.963703e-01 	 -1.637561e-01 	 1.590916e-03 	 1.245474e-01
3.900000e+02 	 9.968285e-01 	 -1.764217e-01 	 1.547784e-03 	 1.017816e-01
4.000000e+02 	 9.968545e-01 	 -1.446157e-01 	 2.262924e-04 	 1.181576e-01
4.100000e+02 	 9.968991e-01 	 -2.154054e-01 	 8.504621e-05 	 1.063091e-01
4.200000e+02 	 9.971458e-01 	 -1.295346e-01 	 1.704921e-04 	 9.807398e-02
4.300000e+02 	 9.971705e-01 	 -1.438381e-01 	 1.216834e-04 	 9.446658e-02
4.400000e+02 	 9.972978e-01 	 -8.707041e-02 	 1.612907e-04 	 9.348527e-02
4.500000e+02 	 9.973722e-01 	 -2.531424e-01 	 2.659889e-04 	 9.358196e-02
4.600000e+02 	 9.975065e-01 	 -2.549858e-01 	 4.263416e-04 	 9.308202e-02
4.700000e+02 	 9.975882e-01 	 -1.685958e-01 	 5.978584e-04 	 9.127008e-02
4.800000e+02 	 9.976368e-01 	 -1.422658e-01 	 6.675014e-04 	 9.060698e-02
4.900000e+02 	 9.977769e-01 	 -1.316740e-01 	 6.560426e-04 	 9.156560e-02
5.000000e+02 	 9.976562e-01 	 -3.942462e-02 	 4.775985e-04 	 9.600200e-02
5.100000e+02 	 9.978103e-01 	 -1.378111e-02 	 4.902016e-04 	 9.743164e-02
5.200000e+02 	 9.978963e-01 	 -1.928227e-01 	 6.104102e-04 	 9.820736e-02
5.300000e+02 	 9.978328e-01 	 -1.557629e-02 	 3.758204e-04 	 1.064658e-01
5.400000e+02 	 9.978738e-01 	 -1.181153e-01 	 4.378301e-04 	 1.118236e-01
5.500000e+02 	 9.977575e-01 	 -5.704991e-02 	 1.082640e-03 	 1.047155e-01
5.600000e+02 	 9.975603e-01 	 -1.407829e-01 	 1.324544e-03 	 1.051639e-01
5.700000e+02 	 9.976555e-01 	 -5.268414e-02 	 1.328791e-03 	 1.148563e-01
5.800000e+02 	 9.970308e-01 	 -5.404564e-02 	 1.417480e-03 	 1.208280e-01
5.900000e+02 	 9.967227e-01 	 -1.306809e-01 	 1.590732e-03 	 1.223854e-01
6.000000e+02 	 9.962532e-01 	 -1.290456e-01 	 1.864726e-03 	 1.168765e-01
6.100000e+02 	 9.960858e-01 	 -2.392471e-01 	 1.957468e-03 	 1.180448e-01
6.200000e+02 	 9.958844e-01 	 -1.346434e-01 	 1.373489e-03 	 1.461009e-01
6.300000e+02 	 9.953676e-01 	 -1.710653e-01 	 2.433429e-04 	 1.670656e-01
6.400000e+02 	 9.950956e-01 	 -3.155993e-01 	 5.204235e-04 	 1.651823e-01
6.500000e+02 	 9.948809e-01 	 -2.792530e-01 	 9.273192e-04 	 1.582532e-01
6.600000e+02 	 9.947706e-01 	 -2.477471e-01 	 1.206712e-03 	 1.500644e-01
6.700000e+02 	 9.946203e-01 	 -2.809482e-01 	 1.289472e-03 	 1.453907e-01
6.800000e+02 	 9.945940e-01 	 -4.635902e-01 	 1.261272e-03 	 1.436634e-01
6.900000e+02 	 9.943413e-01 	 -2.568957e-01 	 4.341236e-04 	 1.570391e-01
7.000000e+02 	 9.942265e-01 	 -2.471443e-01 	 3.011243e-04 	 1.564551e-01
7.100000e+02 	 9.941805e-01 	 -5.276470e-01 	 4.603803e-04 	 1.540635e-01
7.200000e+02 	 9.943284e-01 	 -2.680850e-01 	 4.696224e-04 	 1.536368e-01
7.300000e+02 	 9.943836e-01 	 -5.470397e-01 	 5.478519e-04 	 1.529661e-01
7.400000e+02 	 9.944863e-01 	 -2.682672e-01 	 6.310696e-04 	 1.526859e-01
7.500000e+02 	 9.946130e-01 	 -2.796035e-01 	 4.904202e-04 	 1.555077e-01
7.600000e+02 	 9.948351e-01 	 -1.617037e-01 	 2.203067e-04 	 1.588791e-01
7.700000e+02 	 9.951002e-01 	 -3.075779e-01 	 1.054956e-04 	 1.606901e-01
7.800000e+02 	 9.953023e-01 	 -3.700666e-01 	 4.495702e-04 	 1.601629e-01
7.900000e+02 	 9.954488e-01 	 -2.147308e-01 	 1.001966e-03 	 1.531509e-01
8.000000e+02 	 9.955680e-01 	 -3.906262e-01 	 9.646031e-04 	 1.553653e-01
8.100000e+02 	 9.958253e-01 	 -5.339155e-02 	 9.978372e-04 	 1.560878e-01
8.200000e+02 	 9.961780e-01 	 -4.186153e-02 	 1.120340e-03 	 1.547349e-01
8.300000e+02 	 9.962496e-01 	 -2.108966e-01 	 1.164188e-03 	 1.550964e-01
8.400000e+02 	 9.965372e-01 	 1.004151e-02 	 9.778827e-04 	 1.608017e-01
8.500000e+02 	 9.961309e-01 	 -2.092811e-01 	 6.180789e-04 	 1.681256e-01
8.600000e+02 	 9.962201e-01 	 -7.584872e-02 	 4.675156e-04 	 1.713887e-01
8.700000e+02 	 9.961526e-01 	 7.418054e-03 	 5.455076e-04 	 1.724388e-01
8.800000e+02 	 9.958882e-01 	 -1.544509e-01 	 7.789526e-04 	 1.714583e-01
8.900000e+02 	 9.957256e-01 	 1.295202e-02 	 1.151950e-03 	 1.666336e-01
9.000000e+02 	 9.953121e-01 	 -1.984409e-01 	 3.348081e-04 	 1.806100e-01
9.100000e+02 	 9.949258e-01 	 -2.130851e-02 	 5.748831e-04 	 1.811009e-01
9.200000e+02 	 9.942049e-01 	 -5.277752e-02 	 6.541077e-04 	 1.829107e-01
9.300000e+02 	 9.941916e-01 	 -5.474491e-02 	 6.832356e-04 	 1.854388e-01
9.400000e+02 	 9.938936e-01 	 -1.104855e-01 	 6.971521e-04 	 1.882918e-01
9.500000e+02 	 9.936635e-01 	 -1.370875e-01 	 7.044547e-04 	 1.913234e-01
9.600000e+02 	 9.934703e-01 	 -4.479025e-01 	 7.096474e-04 	 1.944575e-01
9.700000e+02 	 9.933833e-01 	 -1.787994e-01 	 7.296169e-04 	 1.973213e-01
9.800000e+02 	 9.928942e-01 	 -3.391005e-01 	 7.475659e-04 	 2.001611e-01
9.900000e+02 	 9.927438e-01 	 -4.181439e-01 	 7.735161e-04 	 2.027361e-01
1.000000e+03 	 9.926560e-01 	 -2.373742e-01 	 8.029354e-04 	 2.050426e-01
1.010000e+03 	 9.925218e-01 	 -2.426598e-01 	 8.283976e-04 	 2.071915e-01
1.020000e+03 	 9.925381e-01 	 -5.823646e-01 	 8.578259e-04 	 2.090837e-01
1.030000e+03 	 9.924503e-01 	 -2.236413e-01 	 7.326553e-04 	 2.127274e-01
1.040000e+03 	 9.924189e-01 	 -5.093552e-01 	 5.420530e-04 	 2.165611e-01
1.050000e+03 	 9.925418e-01 	 -4.105956e-01 	 6.787031e-04 	 2.171599e-01
1.060000e+03 	 9.926817e-01 	 -4.312418e-01 	 7.267914e-04 	 2.185498e-01
1.070000e+03 	 9.925970e-01 	 -2.467216e-01 	 7.945169e-04 	 2.197562e-01
1.080000e+03 	 9.929521e-01 	 -5.309613e-01 	 8.797412e-04 	 2.207915e-01
1.090000e+03 	 9.931152e-01 	 -3.769312e-01 	 9.737865e-04 	 2.217251e-01
1.100000e+03 	 9.931087e-01 	 -2.806460e-01 	 1.033563e-03 	 2.231768e-01
1.110000e+03 	 9.932599e-01 	 -5.588817e-01 	 9.492244e-04 	 2.268006e-01
1.120000e+03 	 9.935321e-01 	 -1.010806e-01 	 1.242349e-04 	 2.354814e-01
1.130000e+03 	 9.937269e-01 	 -9.200195e-02 	 1.319070e-03 	 2.252474e-01
1.140000e+03 	 9.933286e-01 	 -4.320444e-01 	 1.071048e-03 	 2.315772e-01
1.150000e+03 	 9.930225e-01 	 -3.060685e-01 	 2.888244e-04 	 2.407830e-01
1.160000e+03 	 9.931001e-01 	 9.321556e-03 	 3.092865e-04 	 2.421126e-01
1.170000e+03 	 9.931235e-01 	 -3.039934e-02 	 7.233335e-04 	 2.402538e-01
1.180000e+03 	 9.932336e-01 	 -1.204556e-02 	 1.141834e-03 	 2.356475e-01
1.190000e+03 	 9.932068e-01 	 -6.805194e-05 	 1.538997e-03 	 2.286847e-01
1.200000e+03 	 9.931894e-01 	 -8.862950e-02 	 1.209149e-04 	 2.457227e-01
1.210000e+03 	 9.930876e-01 	 -4.116688e-01 	 4.956491e-04 	 2.446091e-01
1.220000e+03 	 9.930982e-01 	 -4.011831e-03 	 5.860816e-04 	 2.446077e-01
1.230000e+03 	 9.929557e-01 	 -3.968077e-01 	 6.060753e-04 	 2.451551e-01
1.240000e+03 	 9.921631e-01 	 -2.933133e-01 	 5.413336e-04 	 2.466672e-01
1.250000e+03 	 9.920717e-01 	 7.422009e-03 	 4.655405e-04 	 2.484613e-01
1.260000e+03 	 9.923345e-01 	 -3.968607e-02 	 4.146483e-04 	 2.502805e-01
1.270000e+03 	 9.924713e-01 	 -1.328475e-01 	 4.315719e-04 	 2.519830e-01
1.280000e+03 	 9.926107e-01 	 3.307367e-03 	 5.163232e-04 	 2.535124e-01
1.290000e+03 	 9.927592e-01 	 -6.158567e-02 	 6.418154e-04 	 2.548713e-01
1.300000e+03 	 9.928109e-01 	 -2.382208e-01 	 7.821690e-04 	 2.561317e-01
1.310000e+03 	 9.929319e-01 	 -3.333610e-01 	 9.160888e-04 	 2.574467e-01
1.320000e+03 	 9.928771e-01 	 -6.134275e-01 	 5.383575e-04 	 2.639653e-01
1.330000e+03 	 9.927607e-01 	 -9.969889e-02 	 4.530907e-04 	 2.675579e-01
1.340000e+03 	 9.927056e-01 	 -1.180183e-01 	 7.454688e-04 	 2.687125e-01
1.350000e+03 	 9.927802e-01 	 -5.165980e-01 	 8.546561e-04 	 2.712253e-01
1.360000e+03 	 9.926758e-01 	 -6.011831e-01 	 9.000554e-04 	 2.744255e-01
1.370000e+03 	 9.928660e-01 	 -6.327762e-01 	 9.297402e-04 	 2.778893e-01
1.380000e+03 	 9.927496e-01 	 -1.310477e-01 	 8.078903e-04 	 2.828850e-01
1.390000e+03 	 9.928442e-01 	 -1.265701e-01 	 3.567955e-04 	 2.897735e-01
1.400000e+03 	 9.925785e-01 	 -3.344048e-01 	 6.785164e-04 	 2.917005e-01
1.410000e+03 	 9.920121e-01 	 -1.469901e-01 	 1.084397e-03 	 2.913456e-01
1.420000e+03 	 9.916841e-01 	 -6.720708e-02 	 1.185596e-03 	 2.937170e-01
1.430000e+03 	 9.902233e-01 	 -1.390125e-01 	 1.070943e-03 	 2.986902e-01
1.440000e+03 	 9.893524e-01 	 -4.563522e-01 	 1.916601e-04 	 3.081345e-01
1.450000e+03 	 9.890730e-01 	 -2.525836e-01 	 5.834269e-04 	 3.094966e-01
1.460000e+03 	 9.890876e-01 	 -5.075638e-01 	 9.035326e-04 	 3.096776e-01
1.470000e+03 	 9.889752e-01 	 -1.313053e-02 	 1.096643e-03 	 3.100513e-01
1.480000e+03 	 9.888621e-01 	 -3.310912e-01 	 1.206968e-03 	 3.107268e-01
1.490000e+03 	 9.889193e-01 	 -1.988537e-01 	 1.263248e-03 	 3.116222e-01
1.500000e+03 	 9.889759e-01 	 -1.036735e-01 	 1.295178e-03 	 3.123361e-01
1.510000e+03 	 9.888331e-01 	 -3.159788e-01 	 1.305672e-03 	 3.127740e-01
1.520000e+03 	 9.890690e-01 	 -5.768709e-02 	 1.250972e-03 	 3.136816e-01
1.530000e+03 	 9.882543e-01 	 -6.215872e-02 	 1.685531e-04 	 3.214039e-01
1.540000e+03 	 9.885177e-01 	 7.897382e-03 	 7.065093e-04 	 3.181255e-01
1.550000e+03 	 9.890818e-01 	 -1.992717e-01 	 7.802524e-04 	 3.163113e-01
1.560000e+03 	 9.899579e-01 	 -2.908543e-01 	 7.749967e-04 	 3.149495e-01
1.570000e+03 	 9.906410e-01 	 -3.375113e-02 	 7.606250e-04 	 3.137175e-01
1.580000e+03 	 9.917482e-01 	 -2.426003e-01 	 7.461186e-04 	 3.124486e-01
1.590000e+03 	 9.924229e-01 	 -1.885666e-01 	 3.235596e-04 	 3.138132e-01
1.600000e+03 	 9.930356e-01 	 -5.007979e-01 	 2.513108e-04 	 3.133136e-01
1.610000e+03 	 9.932354e-01 	 -1.341017e-01 	 3.409879e-04 	 3.129462e-01
1.620000e+03 	 9.933540e-01 	 -2.852685e-01 	 3.245050e-04 	 3.134078e-01
1.630000e+03 	 9.935604e-01 	 -1.049875e-02 	 1.951258e-04 	 3.148071e-01
1.640000e+03 	 9.936767e-01 	 -2.590453e-02 	 2.265257e-04 	 3.163785e-01
1.650000e+03 	 9.938689e-01 	 -1.099483e-02 	 4.698720e-04 	 3.177451e-01
1.660000e+03 	 9.938807e-01 	 9.379130e-02 	 9.006347e-04 	 3.175094e-01
1.670000e+03 	 9.939601e-01 	 -1.543113e-01 	 9.889790e-04 	 3.201629e-01
1.680000e+03 	 9.939748e-01 	 -2.507682e-01 	 1.070134e-03 	 3.233880e-01
1.690000e+03 	 9.939510e-01 	 -5.510834e-01 	 1.122317e-03 	 3.275257e-01
1.700000e+03 	 9.929977e-01 	 1.268454e-01 	 1.174833e-03 	 3.318387e-01
1.710000e+03 	 9.923176e-01 	 7.523203e-02 	 1.016863e-03 	 3.391911e-01
1.720000e+03 	 9.914638e-01 	 -1.537416e-01 	 5.927460e-04 	 3.485678e-01
1.730000e+03 	 9.904293e-01 	 -2.038456e-01 	 7.899383e-04 	 3.535376e-01
1.740000e+03 	 9.890432e-01 	 -5.966578e-01 	 5.059756e-04 	 3.617886e-01
1.750000e+03 	 9.883634e-01 	 -5.427759e-01 	 5.208042e-04 	 3.679871e-01
1.760000e+03 	 9.874639e-01 	 -7.403571e-01 	 5.489182e-04 	 3.739336e-01
1.770000e+03 	 9.869241e-01 	 -7.767635e-01 	 6.907049e-04 	 3.786898e-01
1.780000e+03 	 9.862560e-01 	 -2.646718e-01 	 8.380535e-04 	 3.824579e-01
1.790000e+03 	 9.856508e-01 	 -4.782014e-01 	 1.032481e-03 	 3.849457e-01
1.800000e+03 	 9.853896e-01 	 -5.520962e-02 	 3.993719e-04 	 3.919620e-01
1.810000e+03 	 9.842677e-01 	 -2.429208e-01 	 5.219138e-04 	 3.935579e-01
1.820000e+03 	 9.839281e-01 	 -4.504310e-01 	 7.654269e-04 	 3.932487e-01
1.830000e+03 	 9.837166e-01 	 -8.127664e-02 	 8.910141e-04 	 3.925584e-01
1.840000e+03 	 9.833722e-01 	 -9.455889e-02 	 9.674551e-04 	 3.912617e-01
1.850000e+03 	 9.839434e-01 	 -8.198991e-01 	 1.136700e-03 	 3.881072e-01
1.860000e+03 	 9.847451e-01 	 -5.549870e-01 	 9.103523e-04 	 3.883687e-01
1.870000e+03 	 9.856936e-01 	 -1.461175e-01 	 9.344478e-04 	 3.861734e-01
1.880000e+03 	 9.866458e-01 	 -2.214029e-01 	 1.015539e-03 	 3.831172e-01
1.890000e+03 	 9.877330e-01 	 -5.518086e-01 	 1.019591e-03 	 3.805662e-01
1.900000e+03 	 9.890602e-01 	 -1.753164e-01 	 9.348435e-04 	 3.791271e-01
1.910000e+03 	 9.901145e-01 	 -7.868038e-01 	 8.513076e-04 	 3.773231e-01
1.920000e+03 	 9.904965e-01 	 -6.975904e-01 	 7.365973e-04 	 3.761101e-01
1.930000e+03 	 9.913609e-01 	 -6.681775e-01 	 6.316303e-04 	 3.749273e-01
1.940000e+03 	 9.920555e-01 	 -3.812469e-02 	 4.813472e-04 	 3.743381e-01
1.950000e+03 	 9.928937e-01 	 -3.576318e-01 	 1.573663e-04 	 3.740492e-01
1.960000e+03 	 9.936134e-01 	 -7.232346e-01 	 6.778651e-04 	 3.715166e-01
1.970000e+03 	 9.938931e-01 	 -5.074251e-01 	 8.301242e-04 	 3.707943e-01
1.980000e+03 	 9.940606e-01 	 6.054549e-02 	 8.634076e-04 	 3.717948e-01
1.990000e+03 	 9.940687e-01 	 -4.137278e-01 	 8.516267e-04 	 3.742801e-01
2.000000e+03 	 9.937772e-01 	 -2.229235e-01 	 7.510679e-04 	 3.786007e-01
2.010000e+03 	 9.936757e-01 	 9.547078e-02 	 4.978221e-04 	 3.847614e-01
2.020000e+03 	 9.931917e-01 	 2.666554e-01 	 6.894499e-04 	 3.897386e-01
2.030000e+03 	 9.923299e-01 	 1.081907e-01 	 7.804823e-04 	 3.962465e-01
2.040000e+03 	 9.911332e-01 	 1.300231e-01 	 4.959442e-04 	 4.054329e-01
2.050000e+03 	 9.904195e-01 	 2.452740e-01 	 1.978137e-04 	 4.142221e-01
2.060000e+03 	 9.895861e-01 	 2.238373e-01 	 3.900403e-04 	 4.217891e-01
2.070000e+03 	 9.887974e-01 	 1.027909e-02 	 7.081748e-04 	 4.282303e-01
2.080000e+03 	 9.875789e-01 	 -2.106821e-01 	 9.283964e-04 	 4.340854e-01
2.090000e+03 	 9.865899e-01 	 2.010986e-01 	 6.937882e-04 	 4.418006e-01
2.100000e+03 	 9.841141e-01 	 -3.253226e-01 	 5.750304e-04 	 4.481879e-01
2.110000e+03 	 9.832638e-01 	 5.137817e-02 	 1.037427e-03 	 4.501258e-01
2.120000e+03 	 9.822638e-01 	 -3.551953e-01 	 1.295067e-03 	 4.521463e-01
2.130000e+03 	 9.815069e-01 	 7.962625e-02 	 1.439880e-03 	 4.542282e-01
2.140000e+03 	 9.810480e-01 	 -8.236089e-01 	 1.510433e-03 	 4.567607e-01
2.150000e+03 	 9.801059e-01 	 -4.960365e-01 	 1.502201e-03 	 4.596334e-01
2.160000e+03 	 9.800737e-01 	 -3.145463e-01 	 1.272653e-03 	 4.644398e-01
2.170000e+03 	 9.804314e-01 	 -1.040037e+00 	 6.137351e-04 	 4.709068e-01
2.180000e+03 	 9.808354e-01 	 -6.542780e-01 	 1.232461e-03 	 4.681603e-01
2.190000e+03 	 9.817118e-01 	 -1.120430e+00 	 1.216106e-03 	 4.687826e-01
2.200000e+03 	 9.811278e-01 	 -1.019458e+00 	 1.142914e-03 	 4.689817e-01
2.210000e+03 	 9.818831e-01 	 -6.746290e-01 	 1.060166e-03 	 4.682306e-01
2.220000e+03 	 9.828383e-01 	 -1.554532e-01 	 9.773112e-04 	 4.664037e-01
2.230000e+03 	 9.841828e-01 	 -6.415545e-01 	 8.126531e-04 	 4.633186e-01
2.240000e+03 	 9.854277e-01 	 -2.279517e-01 	 2.210987e-04 	 4.610858e-01
2.250000e+03 	 9.870403e-01 	 -1.649751e-01 	 9.003898e-04 	 4.530212e-01
2.260000e+03 	 9.886056e-01 	 -1.891317e-01 	 1.159849e-03 	 4.456282e-01
2.270000e+03 	 9.898505e-01 	 -5.532419e-01 	 1.237627e-03 	 4.398330e-01
2.280000e+03 	 9.907739e-01 	 2.938158e-02 	 1.254951e-03 	 4.362118e-01
2.290000e+03 	 9.919961e-01 	 9.564835e-02 	 1.216078e-03 	 4.343274e-01
2.300000e+03 	 9.927541e-01 	 1.623219e-01 	 1.117082e-03 	 4.347532e-01
2.310000e+03 	 9.932152e-01 	 1.054446e-01 	 8.645963e-04 	 4.380277e-01
2.320000e+03 	 9.935222e-01 	 2.248173e-01 	 3.248872e-04 	 4.434481e-01
2.330000e+03 	 9.940417e-01 	 3.724387e-01 	 4.252485e-04 	 4.473956e-01
2.340000e+03 	 9.934893e-01 	 1.274015e-01 	 2.731188e-04 	 4.529124e-01
2.350000e+03 	 9.931366e-01 	 -9.627162e-02 	 1.831998e-04 	 4.585282e-01
2.360000e+03 	 9.926696e-01 	 3.675866e-01 	 1.686651e-04 	 4.637682e-01
2.370000e+03 	 9.915874e-01 	 -1.241256e-01 	 1.757343e-04 	 4.690973e-01
2.380000e+03 	 9.907812e-01 	 1.521938e-02 	 3.673210e-04 	 4.736986e-01
2.390000e+03 	 9.898862e-01 	 4.422685e-01 	 1.162701e-03 	 4.743380e-01
2.400000e+03 	 9.888549e-01 	 4.981612e-01 	 1.101916e-03 	 4.803254e-01
2.410000e+03 	 9.871971e-01 	 -6.160912e-01 	 1.181697e-03 	 4.867204e-01
2.420000e+03 	 9.861676e-01 	 2.935075e-01 	 8.990373e-04 	 4.958527e-01
2.430000e+03 	 9.846849e-01 	 2.909143e-01 	 7.840868e-04 	 5.054783e-01
2.440000e+03 	 9.831491e-01 	 1.395031e-01 	 5.871450e-04 	 5.167828e-01
2.450000e+03 	 9.815354e-01 	 -6.353383e-01 	 3.339843e-04 	 5.294182e-01
2.460000e+03 	 9.804248e-01 	 -9.145155e-01 	 5.993825e-04 	 5.403223e-01
2.470000e+03 	 9.788060e-01 	 1.298094e-01 	 1.077455e-03 	 5.479979e-01
2.480000e+03 	 9.771317e-01 	 -5.363516e-01 	 7.020845e-04 	 5.602332e-01
2.490000e+03 	 9.768809e-01 	 -5.650255e-01 	 3.960447e-04 	 5.688050e-01
2.500000e+03 	 9.762916e-01 	 -1.020760e+00 	 2.107641e-04 	 5.740402e-01
2.510000e+03 	 9.757255e-01 	 -8.109022e-01 	 2.897471e-04 	 5.756684e-01
2.520000e+03 	 9.754323e-01 	 -1.434804e-01 	 4.488229e-04 	 5.743387e-01
2.530000e+03 	 9.763736e-01 	 -2.718556e-01 	 5.316307e-04 	 5.700690e-01
2.540000e+03 	 9.764551e-01 	 -8.457371e-02 	 5.664838e-04 	 5.639281e-01
2.550000e+03 	 9.768771e-01 	 -2.711205e-01 	 1.407616e-03 	 5.508898e-01
2.560000e+03 	 9.780289e-01 	 -6.064795e-01 	 1.590437e-03 	 5.404701e-01
2.570000e+03 	 9.790335e-01 	 -8.076766e-02 	 1.669767e-03 	 5.320935e-01
2.580000e+03 	 9.804291e-01 	 -2.375036e-03 	 1.605803e-03 	 5.258217e-01
2.590000e+03 	 9.822620e-01 	 -5.788655e-01 	 8.877212e-04 	 5.257797e-01
2.600000e+03 	 9.838679e-01 	 -4.851342e-01 	 5.589713e-04 	 5.237739e-01
2.610000e+03 	 9.860973e-01 	 -9.611611e-01 	 1.242139e-03 	 5.174913e-01
2.620000e+03 	 9.857396e-01 	 1.935138e-01 	 1.127214e-03 	 5.179021e-01
2.630000e+03 	 9.882549e-01 	 -6.838115e-01 	 9.769617e-04 	 5.182257e-01
2.640000e+03 	 9.900342e-01 	 -2.666428e-01 	 7.121252e-04 	 5.194286e-01
2.650000e+03 	 9.916064e-01 	 3.379807e-01 	 4.477263e-04 	 5.198647e-01
2.660000e+03 	 9.929711e-01 	 -2.173770e-01 	 2.586690e-04 	 5.189063e-01
2.670000e+03 	 9.942442e-01 	 -1.671280e-01 	 2.936708e-04 	 5.173302e-01
2.680000e+03 	 9.939801e-01 	 -5.620159e-01 	 4.081763e-04 	 5.155725e-01
2.690000e+03 	 9.940825e-01 	 -2.952114e-02 	 8.313369e-04 	 5.133217e-01
2.700000e+03 	 9.940858e-01 	 4.117265e-01 	 7.496680e-04 	 5.144828e-01
2.710000e+03 	 9.935364e-01 	 5.002747e-01 	 4.547970e-04 	 5.183138e-01
2.720000e+03 	 9.925127e-01 	 1.362102e-02 	 3.235494e-04 	 5.239621e-01
2.730000e+03 	 9.918941e-01 	 -9.437521e-03 	 3.424815e-04 	 5.315961e-01
2.740000e+03 	 9.900808e-01 	 -3.445501e-01 	 3.395958e-04 	 5.417027e-01
2.750000e+03 	 9.882821e-01 	 -3.771149e-01 	 3.271057e-04 	 5.531398e-01
2.760000e+03 	 9.867817e-01 	 -4.086520e-01 	 2.865217e-04 	 5.653268e-01
2.770000e+03 	 9.846317e-01 	 -4.628332e-01 	 2.512640e-04 	 5.773728e-01
2.780000e+03 	 9.838966e-01 	 3.246126e-01 	 2.623660e-04 	 5.876716e-01
2.790000e+03 	 9.816264e-01 	 2.097034e-01 	 5.784849e-04 	 5.966180e-01
2.800000e+03 	 9.792022e-01 	 8.116795e-02 	 9.974945e-04 	 6.025948e-01
2.810000e+03 	 9.758391e-01 	 2.557528e-01 	 1.096132e-03 	 6.077665e-01
2.820000e+03 	 9.745514e-01 	 -3.908405e-01 	 3.206133e-04 	 6.150490e-01
2.830000e+03 	 9.732456e-01 	 -4.833704e-01 	 1.181037e-03 	 6.138427e-01
2.840000e+03 	 9.722943e-01 	 -1.041044e+00 	 1.540587e-03 	 6.123813e-01
2.850000e+03 	 9.721583e-01 	 -1.091201e+00 	 1.550795e-03 	 6.129586e-01
2.860000e+03 	 9.710649e-01 	 -4.582166e-01 	 1.520881e-03 	 6.137340e-01
2.870000e+03 	 9.714064e-01 	 -9.253641e-01 	 1.378532e-03 	 6.152072e-01
2.880000e+03 	 9.718053e-01 	 -1.368298e-02 	 1.298765e-03 	 6.163653e-01
2.890000e+03 	 9.731507e-01 	 7.296568e-02 	 1.081267e-03 	 6.180958e-01
2.900000e+03 	 9.746108e-01 	 -3.748413e-02 	 7.774634e-04 	 6.194719e-01
2.910000e+03 	 9.754805e-01 	 -5.081237e-01 	 3.652310e-04 	 6.196220e-01
2.920000e+03 	 9.770052e-01 	 -4.278964e-01 	 4.478525e-04 	 6.174756e-01
2.930000e+03 	 9.793747e-01 	 -4.938395e-01 	 8.395949e-04 	 6.126876e-01
2.940000e+03 	 9.821043e-01 	 -1.071829e+00 	 8.301989e-04 	 6.076005e-01
2.950000e+03 	 9.847634e-01 	 -1.214829e-02 	 7.424681e-04 	 6.028464e-01
2.960000e+03 	 9.877462e-01 	 -4.824533e-01 	 5.433308e-04 	 5.963886e-01
2.970000e+03 	 9.900993e-01 	 1.447704e-01 	 2.829407e-04 	 5.903488e-01
2.980000e+03 	 9.924246e-01 	 -5.914955e-01 	 4.503362e-04 	 5.825191e-01
2.990000e+03 	 9.934529e-01 	 2.327381e-01 	 6.634999e-04 	 5.764318e-01
3.000000e+03 	 9.948805e-01 	 4.313487e-01 	 8.593951e-04 	 5.711484e-01
3.010000e+03 	 9.961350e-01 	 3.571852e-02 	 8.974548e-04 	 5.682449e-01
3.020000e+03 	 9.963827e-01 	 5.782530e-01 	 7.161252e-04 	 5.688406e-01
3.030000e+03 	 9.965250e-01 	 -2.951048e-02 	 4.275176e-04 	 5.716082e-01
3.040000e+03 	 9.957262e-01 	 6.131488e-01 	 2.612048e-04 	 5.755928e-01
3.050000e+03 	 9.948050e-01 	 -1.058846e-01 	 2.523656e-04 	 5.811473e-01
3.060000e+03 	 9.930681e-01 	 6.726017e-01 	 3.827117e-04 	 5.870080e-01
3.070000e+03 	 9.920250e-01 	 6.575445e-01 	 6.553352e-04 	 5.933035e-01
3.080000e+03 	 9.898853e-01 	 8.347032e-01 	 8.331982e-04 	 5.999004e-01
3.090000e+03 	 9.873336e-01 	 5.016191e-01 	 5.768514e-04 	 6.086733e-01
3.100000e+03 	 9.844697e-01 	 1.992210e-01 	 4.241156e-04 	 6.169221e-01
3.110000e+03 	 9.817655e-01 	 2.707026e-01 	 1.031025e-03 	 6.222310e-01
3.120000e+03 	 9.800401e-01 	 7.244585e-01 	 1.252587e-03 	 6.285573e-01
3.130000e+03 	 9.776816e-01 	 6.596780e-01 	 1.331740e-03 	 6.363200e-01
3.140000e+03 	 9.763118e-01 	 -4.546345e-01 	 1.224741e-03 	 6.463698e-01
3.150000e+03 	 9.738627e-01 	 -3.169332e-01 	 1.070727e-03 	 6.560537e-01
3.160000e+03 	 9.727232e-01 	 -8.052245e-01 	 7.606587e-04 	 6.666642e-01
3.170000e+03 	 9.717468e-01 	 1.626953e-01 	 4.686180e-04 	 6.754929e-01
3.180000e+03 	 9.711223e-01 	 -2.936270e-01 	 7.179434e-04 	 6.826814e-01
3.190000e+03 	 9.713998e-01 	 -9.117669e-01 	 1.202838e-03 	 6.869875e-01
3.200000e+03 	 9.715943e-01 	 1.197854e-01 	 1.144065e-03 	 6.918574e-01
3.210000e+03 	 9.708648e-01 	 -6.006401e-01 	 9.696359e-04 	 6.956348e-01
3.220000e+03 	 9.721004e-01 	 -1.072810e+00 	 7.930441e-04 	 6.968080e-01
3.230000e+03 	 9.742817e-01 	 -7.464545e-01 	 6.175819e-04 	 6.957170e-01
3.240000e+03 	 9.763372e-01 	 -4.779788e-01 	 2.765663e-04 	 6.927821e-01
3.250000e+03 	 9.792155e-01 	 -2.715711e-01 	 7.547267e-04 	 6.861514e-01
3.260000e+03 	 9.819136e-01 	 -7.393545e-01 	 1.066262e-03 	 6.775444e-01
3.270000e+03 	 9.847767e-01 	 -3.735219e-01 	 1.095178e-03 	 6.701654e-01
3.280000e+03 	 9.874511e-01 	 -1.352318e+00 	 1.124256e-03 	 6.615030e-01
3.290000e+03 	 9.882776e-01 	 -1.137536e-01 	 1.154311e-03 	 6.552029e-01
3.300000e+03 	 9.901825e-01 	 -2.934303e-01 	 1.179283e-03 	 6.486074e-01
3.310000e+03 	 9.916231e-01 	 1.986153e-01 	 1.146159e-03 	 6.440443e-01
3.320000e+03 	 9.922067e-01 	 -1.922647e-02 	 4.156800e-04 	 6.431391e-01
3.330000e+03 	 9.938971e-01 	 -8.911780e-01 	 2.828101e-04 	 6.407321e-01
3.340000e+03 	 9.949162e-01 	 3.839676e-01 	 2.951116e-04 	 6.402052e-01
3.350000e+03 	 9.956847e-01 	 4.600721e-01 	 2.852752e-04 	 6.404469e-01
3.360000e+03 	 9.957543e-01 	 3.352814e-01 	 2.890850e-04 	 6.417522e-01
3.370000e+03 	 9.957428e-01 	 6.334855e-01 	 2.883013e-04 	 6.440911e-01
3.380000e+03 	 9.943728e-01 	 7.718939e-01 	 3.242913e-04 	 6.473439e-01
3.390000e+03 	 9.927169e-01 	 9.813874e-01 	 4.620757e-04 	 6.513445e-01
3.400000e+03 	 9.904146e-01 	 5.062095e-01 	 7.212349e-04 	 6.560846e-01
3.410000e+03 	 9.883004e-01 	 8.400588e-01 	 4.436497e-04 	 6.632310e-01
3.420000e+03 	 9.863995e-01 	 5.674275e-01 	 3.418130e-04 	 6.710209e-01
3.430000e+03 	 9.839426e-01 	 -2.834847e-01 	 3.130873e-04 	 6.798966e-01
3.440000e+03 	 9.828124e-01 	 4.372850e-02 	 3.387046e-04 	 6.885932e-01
3.450000e+03 	 9.809008e-01 	 4.953893e-01 	 4.225223e-04 	 6.973114e-01
3.460000e+03 	 9.790005e-01 	 8.870044e-02 	 6.525310e-04 	 7.059651e-01
3.470000e+03 	 9.777050e-01 	 -2.760306e-01 	 1.048380e-03 	 7.129592e-01
3.480000e+03 	 9.766180e-01 	 3.742073e-01 	 3.423224e-04 	 7.223575e-01
3.490000e+03 	 9.751761e-01 	 1.964742e-01 	 7.097089e-04 	 7.277508e-01
3.500000e+03 	 9.740340e-01 	 -2.668161e-01 	 1.080252e-03 	 7.311997e-01
3.510000e+03 	 9.735081e-01 	 6.009209e-02 	 1.343064e-03 	 7.330556e-01
3.520000e+03 	 9.745733e-01 	 -2.391015e-01 	 1.415658e-03 	 7.349462e-01
3.530000e+03 	 9.760372e-01 	 -1.727419e+00 	 1.203885e-03 	 7.377262e-01
3.540000e+03 	 9.769741e-01 	 -9.879579e-01 	 5.853559e-04 	 7.408992e-01
3.550000e+03 	 9.782614e-01 	 -5.337019e-01 	 1.472063e-03 	 7.370122e-01
3.560000e+03 	 9.799734e-01 	 -1.627356e+00 	 1.374336e-03 	 7.379189e-01
3.570000e+03 	 9.819241e-01 	 -4.825266e-01 	 1.224210e-03 	 7.391498e-01
3.580000e+03 	 9.830283e-01 	 -9.919084e-01 	 1.033300e-03 	 7.403861e-01
3.590000e+03 	 9.820596e-01 	 -2.135459e-01 	 8.509177e-04 	 7.414863e-01
3.600000e+03 	 9.836967e-01 	 -3.913755e-01 	 6.553467e-04 	 7.419989e-01
3.610000e+03 	 9.849552e-01 	 6.654603e-02 	 4.016861e-04 	 7.421009e-01
3.620000e+03 	 9.863086e-01 	 1.970098e-01 	 6.960339e-04 	 7.400729e-01
3.630000e+03 	 9.883009e-01 	 3.469503e-01 	 8.950803e-04 	 7.373137e-01
3.640000e+03 	 9.898070e-01 	 1.344297e-01 	 7.514442e-04 	 7.349330e-01
3.650000e+03 	 9.907015e-01 	 5.663951e-01 	 6.967325e-04 	 7.321522e-01
3.660000e+03 	 9.914944e-01 	 2.976813e-01 	 6.526282e-04 	 7.288451e-01
3.670000e+03 	 9.917986e-01 	 8.371043e-01 	 5.714538e-04 	 7.265118e-01
3.680000e+03 	 9.913630e-01 	 1.059606e+00 	 4.241405e-04 	 7.249724e-01
3.690000e+03 	 9.908069e-01 	 1.059911e+00 	 7.798583e-04 	 7.232407e-01
3.700000e+03 	 9.898140e-01 	 -1.165484e-01 	 8.626470e-04 	 7.235108e-01
3.710000e+03 	 9.894244e-01 	 9.870748e-01 	 7.073640e-04 	 7.264537e-01
3.720000e+03 	 9.889986e-01 	 6.787867e-02 	 6.044692e-04 	 7.303298e-01
3.730000e+03 	 9.879815e-01 	 8.782112e-01 	 4.736928e-04 	 7.348040e-01
3.740000e+03 	 9.876081e-01 	 8.234360e-01 	 4.003383e-04 	 7.393892e-01
3.750000e+03 	 9.860493e-01 	 6.684892e-01 	 3.603740e-04 	 7.435035e-01
3.760000e+03 	 9.848283e-01 	 7.100891e-01 	 3.212727e-04 	 7.466287e-01
3.770000e+03 	 9.851129e-01 	 -2.681317e-01 	 4.510247e-04 	 7.482332e-01
3.780000e+03 	 9.817904e-01 	 2.848436e-01 	 9.265225e-04 	 7.471542e-01
3.790000e+03 	 9.820154e-01 	 5.358373e-02 	 1.042787e-03 	 7.458257e-01
3.800000e+03 	 9.821394e-01 	 -1.277220e+00 	 8.966732e-04 	 7.447771e-01
3.810000e+03 	 9.839149e-01 	 -8.887413e-01 	 5.465079e-04 	 7.443138e-01
3.820000e+03 	 9.834473e-01 	 -1.079541e+00 	 6.165794e-04 	 7.430894e-01
3.830000e+03 	 9.844189e-01 	 -2.978300e-01 	 6.480112e-04 	 7.431087e-01
3.840000e+03 	 9.870949e-01 	 -3.738729e-01 	 1.628694e-03 	 7.399304e-01
3.850000e+03 	 9.885745e-01 	 -1.626185e+00 	 8.948015e-04 	 7.485830e-01
3.860000e+03 	 9.877420e-01 	 -4.924676e-01 	 7.954611e-04 	 7.542629e-01
3.870000e+03 	 9.901460e-01 	 -6.166417e-01 	 5.349189e-04 	 7.625252e-01
3.880000e+03 	 9.898466e-01 	 -1.361225e-01 	 4.530567e-04 	 7.708490e-01
3.890000e+03 	 9.910374e-01 	 -1.454986e+00 	 2.911005e-04 	 7.809389e-01
3.900000e+03 	 9.913705e-01 	 -2.771640e-02 	 2.738714e-04 	 7.885210e-01
3.910000e+03 	 9.910345e-01 	 2.168981e-01 	 3.322448e-04 	 7.960727e-01
3.920000e+03 	 9.903949e-01 	 4.181534e-01 	 8.485693e-04 	 8.012240e-01
3.930000e+03 	 9.900022e-01 	 -1.402708e-02 	 6.192256e-04 	 8.070595e-01
3.940000e+03 	 9.887647e-01 	 1.035149e+00 	 4.839455e-04 	 8.107267e-01
3.950000e+03 	 9.876693e-01 	 1.142914e+00 	 4.586352e-04 	 8.130291e-01
3.960000e+03 	 9.858985e-01 	 1.349998e+00 	 4.750370e-04 	 8.142397e-01
3.970000e+03 	 9.840528e-01 	 1.170076e+00 	 4.873269e-04 	 8.146723e-01
3.980000e+03 	 9.809388e-01 	 1.670593e+00 	 4.610626e-04 	 8.149893e-01
3.990000e+03 	 9.776693e-01 	 1.066434e+00 	 7.269798e-04 	 8.141769e-01
4.000000e+03 	 9.748809e-01 	 1.970010e+00 	 1.004684e-03 	 8.134590e-01
